118 260
118 133
118 198
118 95
118 212
118 88
118 274
118 131
118 250
118 273
118 233
118 310
118 293
118 94
118 128
118 82
118 162
118 101
118 71
118 144
118 67
118 73
118 140
118 307
118 161
118 305
118 218
118 111
118 163
118 179
118 92
118 246
118 191
118 126
118 69
118 249
118 256
118 68
118 158
118 276
118 311
118 102
118 99
118 136
118 230
118 248
118 192
118 299
118 296
118 134
118 90
118 57
118 96
118 189
118 114
118 91
118 174
118 106
118 306
118 8
118 202
118 321
118 197
118 154
118 168
118 186
118 79
118 107
118 84
118 284
118 148
118 120
118 229
118 297
118 181
118 255
118 139
118 152
118 225
118 313
118 159
118 204
118 137
118 288
118 51
118 203
118 76
118 221
118 129
118 240
118 80
118 81
118 219
118 119
118 177
118 100
118 149
118 176
118 261
118 216
118 173
118 83
118 130
118 201
118 169
118 65
118 77
118 183
118 72
118 47
118 109
118 155
118 253
118 182
118 222
118 125
118 166
118 232
118 217
118 145
118 301
118 112
118 143
118 147
118 172
118 258
118 93
118 45
118 167
118 150
118 263
118 164
118 292
118 78
118 146
118 70
118 127
118 157
118 153
201 177
201 242
201 213
201 75
201 261
201 176
201 228
201 245
201 255
201 83
201 276
201 74
201 224
201 169
201 138
201 311
201 65
201 131
201 152
201 183
201 108
201 250
201 47
201 233
201 313
201 109
201 151
201 178
201 253
201 293
201 318
201 94
201 162
201 165
201 185
201 182
201 199
201 166
201 230
201 232
201 248
201 193
201 217
201 299
201 144
201 172
201 112
201 147
201 214
201 251
201 205
201 258
201 67
201 124
201 236
201 45
201 203
201 167
201 150
201 263
201 174
201 292
201 8
201 197
201 316
201 246
201 118
201 219
258 177
258 120
258 133
258 198
258 261
258 297
258 176
258 216
258 181
258 208
258 245
258 255
258 130
258 276
258 201
258 169
258 65
258 274
258 131
258 264
258 152
258 183
258 250
258 47
258 225
258 313
258 233
258 109
258 253
258 293
258 128
258 159
258 162
258 94
258 230
258 182
258 248
258 166
258 232
258 217
258 288
258 299
258 231
258 144
258 296
258 172
258 147
258 112
258 251
258 118
258 67
258 203
258 167
258 150
258 263
258 174
258 197
258 246
258 168
258 219
182 211
182 123
182 133
182 198
182 212
182 274
182 131
182 250
182 233
182 310
182 180
182 293
182 94
182 128
182 82
182 162
182 144
182 67
182 140
182 307
182 161
182 305
182 163
182 179
182 92
182 246
182 191
182 126
182 209
182 256
182 158
182 311
182 102
182 230
182 248
182 192
182 299
182 296
182 90
182 189
182 174
182 106
182 306
182 321
182 154
182 284
182 148
182 120
182 297
182 181
182 255
182 206
182 152
182 207
182 225
182 313
182 159
182 203
182 221
182 226
182 118
182 219
182 119
182 177
182 176
182 261
182 216
182 130
182 201
182 47
182 109
182 220
182 239
182 253
182 105
182 195
182 166
182 222
182 232
182 196
182 217
182 145
182 301
182 112
182 172
182 147
182 258
182 160
182 167
182 150
182 263
182 164
182 292
182 146
152 123
152 133
152 198
152 95
152 212
152 131
152 113
152 233
152 310
152 293
152 94
152 128
152 162
152 110
152 101
152 156
152 67
152 307
152 161
152 305
152 218
152 111
152 179
152 92
152 210
152 191
152 126
152 256
152 158
152 311
152 115
152 99
152 136
152 230
152 248
152 192
152 299
152 90
152 103
152 96
152 189
152 91
152 174
152 170
152 306
152 202
152 186
152 284
152 297
152 255
152 117
152 159
152 137
152 288
152 215
152 132
152 221
152 129
152 80
152 118
152 219
152 119
152 177
152 100
152 149
152 176
152 261
152 201
152 183
152 72
152 47
152 109
152 252
152 182
152 222
152 125
152 166
152 232
152 217
152 301
152 112
152 143
152 147
152 172
152 258
152 93
152 167
152 150
152 263
152 292
152 146
152 127
152 187
152 157
162 177
162 119
162 284
162 249
162 261
162 176
162 95
162 255
162 212
162 139
162 201
162 311
162 131
162 273
162 152
162 72
162 109
162 310
162 252
162 293
162 94
162 159
162 230
162 248
162 182
162 110
162 166
162 232
162 125
162 101
162 217
162 288
162 299
162 301
162 144
162 172
162 143
162 147
162 237
162 112
162 258
162 67
162 96
162 307
162 91
162 161
162 243
162 305
162 221
162 167
162 150
162 174
162 218
162 306
162 292
162 321
162 202
162 179
162 92
162 80
162 118
162 219
47 177
47 123
47 54
47 49
47 56
47 261
47 176
47 75
47 245
47 59
47 83
47 74
47 255
47 201
47 169
47 311
47 65
47 131
47 152
47 183
47 313
47 109
47 253
47 293
47 94
47 230
47 248
47 182
47 166
47 232
47 142
47 144
47 172
47 29
47 147
47 112
47 60
47 118
47 258
47 67
47 4
47 42
47 45
47 203
47 58
47 86
47 33
47 39
47 150
47 263
47 8
47 48
47 197
47 316
47 246
47 26
47 219
144 177
144 213
144 46
144 55
144 133
144 261
144 297
144 176
144 216
144 181
144 62
144 245
144 59
144 83
144 104
144 255
144 50
144 169
144 201
144 65
144 274
144 81
144 183
144 250
144 47
144 225
144 233
144 109
144 253
144 293
144 162
144 82
144 248
144 182
144 98
144 166
144 53
144 299
144 142
144 172
144 112
144 168
144 118
144 258
144 67
144 45
144 203
144 76
144 86
144 150
144 263
144 292
144 85
144 8
144 197
144 63
144 246
144 40
144 219
263 177
263 213
263 261
263 176
263 245
263 255
263 276
263 201
263 311
263 169
263 65
263 183
263 152
263 250
263 47
263 233
263 313
263 253
263 293
263 94
263 230
263 248
263 182
263 166
263 217
263 144
263 172
263 112
263 258
263 67
263 203
263 150
263 197
263 246
263 118
263 219
301 177
301 119
301 123
301 286
301 261
301 176
301 255
301 311
301 131
301 152
301 109
301 310
301 293
301 94
301 159
301 162
301 230
301 248
301 182
301 166
301 232
301 217
301 299
301 112
301 147
301 67
301 307
301 161
301 305
301 221
301 167
301 150
301 174
301 306
301 292
301 321
301 146
301 300
301 179
301 287
301 118
301 219
221 119
221 284
221 260
221 149
221 249
221 261
221 176
221 95
221 255
221 212
221 311
221 194
221 131
221 273
221 152
221 109
221 310
221 252
221 162
221 230
221 182
221 125
221 101
221 217
221 299
221 298
221 301
221 112
221 143
221 147
221 237
221 325
221 307
221 91
221 243
221 305
221 174
221 150
221 218
221 306
221 129
221 321
221 202
221 146
221 300
221 179
221 92
221 118
221 157
221 322
321 177
321 119
321 261
321 255
321 311
321 109
321 323
321 162
321 230
321 182
321 217
321 299
321 301
321 147
321 325
321 324
321 221
321 174
321 150
321 118
321 322
203 261
203 245
203 201
203 311
203 169
203 65
203 183
203 250
203 47
203 109
203 253
203 293
203 248
203 182
203 166
203 288
203 144
203 112
203 251
203 258
203 67
203 263
203 246
203 118
203 219
203 153
65 54
65 56
65 261
65 176
65 75
65 245
65 59
65 83
65 74
65 255
65 201
65 169
65 183
65 108
65 47
65 151
65 253
65 293
65 248
65 166
65 116
65 142
65 144
65 112
65 60
65 258
65 67
65 45
65 203
65 58
65 39
65 263
65 87
65 66
65 8
65 48
65 197
65 64
65 246
65 118
65 219
306 119
306 284
306 261
306 176
306 255
306 311
306 131
306 152
306 109
306 310
306 293
306 162
306 230
306 182
306 217
306 299
306 301
306 112
306 143
306 147
306 307
306 221
306 174
306 150
306 146
306 179
306 118
297 232
297 152
297 288
297 217
297 262
297 296
297 144
297 292
297 308
297 182
297 261
297 258
297 293
297 118
297 230
297 255
297 276
297 166
297 219
253 213
253 261
253 245
253 255
253 201
253 65
253 183
253 47
253 293
253 248
253 182
253 166
253 144
253 112
253 258
253 67
253 203
253 263
253 197
253 246
253 118
253 219
183 213
183 261
183 245
183 224
183 201
183 169
183 138
183 65
183 152
183 47
183 253
183 293
183 248
183 166
183 144
183 258
183 67
183 203
183 263
183 197
183 246
183 118
183 219
307 123
307 261
307 176
307 255
307 311
307 131
307 152
307 109
307 310
307 293
307 162
307 230
307 182
307 232
307 217
307 299
307 301
307 112
307 147
307 67
307 305
307 221
307 167
307 174
307 306
307 146
307 300
307 179
307 118
169 183
169 263
169 47
169 144
169 213
169 248
169 261
169 258
169 201
169 118
169 197
169 203
169 246
169 166
169 219
169 65
216 232
216 142
216 262
216 225
216 296
216 172
216 239
216 144
216 198
216 261
216 293
216 258
216 118
216 255
216 182
216 166
212 131
212 174
212 177
212 150
212 217
212 152
212 112
212 109
212 147
212 221
212 202
212 146
212 261
212 176
212 162
212 230
212 255
212 182
212 118
274 250
274 144
274 233
274 261
274 293
274 67
274 258
274 229
274 118
274 248
274 182
274 166
274 219
92 119
92 174
92 150
92 299
92 221
92 152
92 112
92 109
92 143
92 147
92 91
92 146
92 176
92 95
92 179
92 162
92 230
92 255
92 182
92 118
68 125
68 109
68 147
68 96
68 80
68 118
91 177
91 174
91 150
91 152
91 119
91 221
91 112
91 109
91 147
91 146
91 176
91 95
91 179
91 162
91 230
91 92
91 255
91 118
125 131
125 174
125 177
125 299
125 152
125 170
125 112
125 221
125 147
125 179
125 162
125 68
125 230
125 255
125 118
189 131
189 167
189 152
189 217
189 112
189 146
189 261
189 67
189 176
189 118
189 256
189 179
189 230
189 255
189 182
189 232
189 192
189 161
305 131
305 174
305 152
305 299
305 301
305 221
305 112
305 147
305 146
305 261
305 293
305 176
305 230
305 162
305 307
305 182
305 255
305 118
305 311
202 177
202 174
202 150
202 152
202 217
202 221
202 112
202 109
202 147
202 146
202 261
202 176
202 162
202 230
202 212
202 204
202 190
202 118
202 255
222 152
222 217
222 176
222 261
222 118
222 230
222 255
222 182
222 232
222 192
80 101
80 177
80 152
80 109
80 147
80 146
80 176
80 162
80 68
80 118
273 177
273 174
273 284
273 299
273 123
273 221
273 260
273 109
273 147
273 325
273 261
273 259
273 162
273 230
273 255
273 118
273 322
250 263
250 144
250 248
250 261
250 258
250 201
250 118
250 197
250 203
250 182
250 246
250 166
250 219
250 274
126 152
126 137
126 217
126 112
126 176
126 182
126 118
126 161
204 177
204 174
204 218
204 202
204 230
204 118
204 192
127 152
127 137
127 255
127 118
186 152
186 118
186 192
186 230
148 145
148 182
148 118
148 130
148 166
148 158
129 101
129 152
129 221
129 255
129 118
76 142
76 144
76 67
76 82
76 98
76 118
78 118
78 79
78 67
163 182
163 122
163 118
163 123
70 118
70 57
70 112
114 118
77 118
77 94
77 71
77 73
261 123
261 242
261 286
261 133
261 198
261 212
261 274
261 131
261 250
261 273
261 282
261 270
261 233
261 310
261 293
261 94
261 128
261 162
261 257
261 144
261 303
261 67
261 254
261 307
261 241
261 308
261 161
261 305
261 218
261 268
261 275
261 309
261 179
261 246
261 256
261 245
261 224
261 276
261 311
261 230
261 248
261 247
261 299
261 296
261 251
261 189
261 174
261 306
261 85
261 321
261 202
261 197
261 168
261 284
261 213
261 229
261 297
261 181
261 255
261 206
261 152
261 225
261 313
261 283
261 159
261 291
261 267
261 288
261 304
261 184
261 203
261 280
261 221
261 226
261 269
261 240
261 281
261 81
261 118
261 271
261 219
261 119
261 177
261 294
261 176
261 216
261 173
261 279
261 201
261 169
261 278
261 65
261 183
261 47
261 109
261 220
261 239
261 253
261 182
261 222
261 166
261 232
261 217
261 301
261 142
261 112
261 172
261 147
261 266
261 258
261 290
261 167
261 150
261 263
261 292
261 146
261 277
261 153
248 177
248 242
248 213
248 261
248 176
248 173
248 245
248 255
248 83
248 276
248 201
248 169
248 311
248 65
248 274
248 131
248 152
248 183
248 250
248 47
248 233
248 313
248 109
248 253
248 331
248 293
248 318
248 94
248 159
248 162
248 230
248 182
248 244
248 166
248 232
248 217
248 299
248 301
248 144
248 172
248 112
248 147
248 214
248 118
248 258
248 67
248 203
248 161
248 167
248 150
248 263
248 174
248 292
248 8
248 197
248 316
248 168
248 219
248 153
150 177
150 119
150 261
150 176
150 95
150 255
150 212
150 201
150 311
150 131
150 152
150 47
150 109
150 310
150 159
150 162
150 320
150 230
150 182
150 248
150 166
150 299
150 301
150 144
150 296
150 112
150 147
150 325
150 258
150 67
150 324
150 91
150 221
150 167
150 174
150 263
150 306
150 292
150 321
150 202
150 146
150 179
150 92
150 118
150 219
150 322
311 177
311 119
311 284
311 261
311 176
311 255
311 201
311 131
311 152
311 47
311 109
311 310
311 293
311 94
311 162
311 320
311 230
311 182
311 248
311 166
311 232
311 217
311 299
311 301
311 296
311 143
311 147
311 112
311 325
311 67
311 324
311 307
311 203
311 305
311 221
311 167
311 150
311 263
311 174
311 306
311 292
311 321
311 146
311 179
311 287
311 118
311 322
146 177
146 119
146 284
146 123
146 260
146 261
146 176
146 95
146 255
146 212
146 311
146 131
146 152
146 72
146 109
146 310
146 293
146 94
146 159
146 230
146 182
146 166
146 232
146 101
146 217
146 299
146 301
146 172
146 112
146 147
146 237
146 118
146 67
146 189
146 307
146 91
146 161
146 305
146 221
146 167
146 150
146 174
146 218
146 306
146 292
146 202
146 179
146 92
146 80
146 168
147 177
147 119
147 284
147 123
147 260
147 249
147 261
147 176
147 95
147 68
147 212
147 255
147 201
147 311
147 131
147 273
147 152
147 72
147 47
147 109
147 310
147 293
147 99
147 94
147 159
147 162
147 320
147 230
147 182
147 248
147 166
147 232
147 125
147 217
147 299
147 298
147 301
147 172
147 143
147 112
147 325
147 258
147 67
147 96
147 324
147 307
147 91
147 161
147 305
147 221
147 167
147 150
147 174
147 218
147 306
147 292
147 321
147 202
147 146
147 300
147 179
147 322
147 80
147 92
147 118
147 219
147 153
112 177
112 84
112 100
112 119
112 123
112 126
112 149
112 261
112 176
112 95
112 255
112 212
112 201
112 311
112 65
112 131
112 152
112 219
112 47
112 109
112 310
112 253
112 293
112 99
112 94
112 136
112 159
112 162
112 230
112 182
112 248
112 166
112 232
112 125
112 101
112 217
112 137
112 299
112 301
112 144
112 296
112 172
112 147
112 71
112 90
112 258
112 67
112 189
112 307
112 203
112 91
112 161
112 305
112 221
112 167
112 150
112 263
112 174
112 170
112 111
112 306
112 292
112 8
112 202
112 146
112 70
112 179
112 92
112 118
112 157
313 314
313 261
313 255
313 326
313 201
313 47
313 331
313 318
313 312
313 329
313 248
313 182
313 166
313 319
313 258
313 67
313 263
313 315
313 8
313 316
313 246
313 118
313 219
313 317
67 177
67 119
67 123
67 120
67 46
67 133
67 41
67 261
67 176
67 95
67 43
67 62
67 255
67 201
67 311
67 50
67 65
67 274
67 131
67 152
67 183
67 47
67 233
67 313
67 310
67 109
67 253
67 293
67 99
67 44
67 128
67 136
67 159
67 162
67 82
67 182
67 94
67 166
67 53
67 230
67 232
67 248
67 217
67 299
67 301
67 144
67 296
67 172
67 147
67 71
67 90
67 51
67 52
67 112
67 258
67 189
67 307
67 45
67 203
67 161
67 76
67 167
67 150
67 263
67 174
67 111
67 292
67 78
67 8
67 146
67 197
67 179
67 63
67 246
67 118
67 219
67 153
67 79
219 123
219 133
219 198
219 261
219 297
219 176
219 181
219 245
219 255
219 276
219 201
219 169
219 65
219 274
219 131
219 152
219 183
219 250
219 47
219 233
219 313
219 109
219 253
219 293
219 94
219 159
219 162
219 230
219 248
219 182
219 166
219 232
219 217
219 299
219 301
219 144
219 172
219 112
219 147
219 258
219 67
219 203
219 167
219 150
219 263
219 174
219 197
219 246
219 118
299 177
299 119
299 284
299 123
299 286
299 261
299 176
299 95
299 256
299 255
299 201
299 311
299 131
299 273
299 152
299 109
299 310
299 293
299 94
299 159
299 162
299 230
299 248
299 182
299 166
299 232
299 125
299 217
299 301
299 298
299 144
299 172
299 143
299 147
299 112
299 325
299 258
299 67
299 307
299 161
299 305
299 221
299 167
299 150
299 174
299 218
299 306
299 292
299 321
299 146
299 179
299 92
299 287
299 118
299 219
299 322
293 177
293 284
293 286
293 133
293 261
293 297
293 216
293 255
293 276
293 201
293 311
293 65
293 274
293 131
293 152
293 183
293 262
293 47
293 225
293 310
293 233
293 109
293 253
293 283
293 159
293 162
293 230
293 248
293 182
293 166
293 217
293 288
293 299
293 142
293 144
293 296
293 172
293 147
293 301
293 112
293 303
293 258
293 67
293 307
293 184
293 203
293 290
293 308
293 305
293 167
293 174
293 263
293 306
293 292
293 146
293 309
293 179
293 281
293 246
293 118
293 219
293 153
177 119
177 260
177 261
177 95
177 255
177 212
177 139
177 201
177 311
177 131
177 273
177 152
177 72
177 47
177 109
177 310
177 293
177 162
177 190
177 230
177 182
177 204
177 166
177 248
177 125
177 299
177 301
177 144
177 112
177 147
177 258
177 67
177 96
177 91
177 174
177 150
177 263
177 218
177 292
177 321
177 141
177 146
177 202
177 240
177 179
177 80
177 118
177 157
310 177
310 119
310 123
310 261
310 176
310 255
310 311
310 131
310 152
310 109
310 293
310 94
310 162
310 230
310 182
310 232
310 217
310 299
310 301
310 112
310 143
310 147
310 67
310 307
310 221
310 167
310 150
310 174
310 306
310 292
310 302
310 146
310 179
310 118
232 133
232 198
232 261
232 297
232 176
232 216
232 256
232 255
232 201
232 311
232 152
232 47
232 225
232 109
232 310
232 239
232 283
232 94
232 162
232 230
232 248
232 182
232 222
232 166
232 217
232 288
232 299
232 301
232 296
232 172
232 147
232 112
232 258
232 67
232 285
232 189
232 307
232 167
232 292
232 146
232 240
232 179
232 118
232 219
296 123
296 261
296 297
296 176
296 216
296 256
296 255
296 276
296 311
296 262
296 225
296 233
296 293
296 182
296 166
296 232
296 217
296 288
296 112
296 303
296 258
296 67
296 308
296 150
296 292
296 275
296 118
123 261
123 255
123 131
123 273
123 152
123 47
123 310
123 105
123 159
123 182
123 166
123 217
123 299
123 301
123 296
123 172
123 147
123 112
123 67
123 307
123 167
123 302
123 146
123 163
123 179
123 219
172 123
172 133
172 198
172 261
172 176
172 216
172 255
172 201
172 131
172 152
172 47
172 225
172 293
172 94
172 162
172 230
172 248
172 182
172 166
172 232
172 217
172 299
172 142
172 144
172 112
172 147
172 258
172 67
172 167
172 174
172 263
172 146
172 179
172 118
172 219
292 177
292 261
292 297
292 176
292 256
292 255
292 201
292 311
292 131
292 152
292 262
292 310
292 293
292 162
292 230
292 248
292 182
292 166
292 232
292 217
292 299
292 301
292 144
292 296
292 112
292 147
292 67
292 167
292 150
292 174
292 146
292 179
292 118
167 191
167 123
167 261
167 176
167 255
167 139
167 201
167 311
167 131
167 152
167 109
167 310
167 293
167 105
167 99
167 159
167 162
167 230
167 248
167 182
167 166
167 232
167 217
167 299
167 301
167 172
167 112
167 147
167 258
167 67
167 189
167 307
167 161
167 174
167 150
167 292
167 302
167 146
167 179
167 118
167 219
197 183
197 250
197 263
197 219
197 47
197 144
197 213
197 251
197 261
197 67
197 258
197 201
197 118
197 253
197 245
197 248
197 246
197 166
197 169
197 65
246 213
246 261
246 245
246 255
246 201
246 169
246 65
246 183
246 250
246 47
246 313
246 253
246 293
246 182
246 166
246 144
246 258
246 67
246 203
246 263
246 197
246 118
246 219
94 261
94 176
94 255
94 201
94 311
94 77
94 131
94 152
94 47
94 109
94 310
94 99
94 159
94 162
94 230
94 248
94 182
94 166
94 232
94 217
94 299
94 301
94 172
94 112
94 147
94 90
94 258
94 67
94 73
94 263
94 146
94 179
94 118
94 219
276 288
276 263
276 262
276 233
276 296
276 275
276 261
276 258
276 293
276 201
276 297
276 118
276 255
276 254
276 248
276 166
276 219
225 142
225 262
225 296
225 172
225 144
225 261
225 293
225 166
225 258
225 118
225 216
225 255
225 182
225 232
284 260
284 286
284 261
284 176
284 255
284 311
284 273
284 152
284 293
284 162
284 230
284 182
284 217
284 299
284 298
284 147
284 221
284 174
284 306
284 146
284 300
284 118
133 232
133 152
133 144
133 172
133 261
133 67
133 258
133 293
133 140
133 128
133 118
133 255
133 182
133 166
133 219
239 217
239 262
239 261
239 176
239 216
239 230
239 255
239 182
239 232
239 206
218 177
218 174
218 152
218 299
218 217
218 221
218 147
218 249
218 146
218 261
218 176
218 179
218 162
218 230
218 255
218 204
218 235
218 118
128 152
128 142
128 133
128 261
128 67
128 258
128 118
128 182
128 166
251 242
251 261
251 258
251 166
251 197
251 203
251 201
254 288
254 262
254 233
254 261
254 229
254 276
275 288
275 262
275 296
275 233
275 261
275 276
198 152
198 142
198 172
198 261
198 258
198 166
198 118
198 216
198 182
198 232
198 219
198 206
308 288
308 296
308 297
308 261
308 293
240 177
240 217
240 261
240 118
240 256
240 230
240 255
240 232
213 183
213 263
213 144
213 253
213 261
213 201
213 205
213 197
213 200
213 245
213 248
213 199
213 246
213 166
213 169
286 217
286 284
286 299
286 301
286 266
286 261
286 293
286 230
286 281
286 255
271 217
271 266
271 261
271 176
271 256
271 283
271 255
271 281
271 267
281 217
281 266
281 286
281 261
281 293
281 283
281 230
281 255
281 271
281 267
267 266
267 261
267 256
267 283
267 255
267 281
267 271
242 251
242 261
242 201
242 245
242 248
242 224
242 166
309 261
309 293
206 239
206 209
206 198
206 261
206 182
206 166
81 144
81 85
81 118
81 261
81 166
220 226
220 182
220 261
290 261
290 293
266 286
266 261
266 255
266 281
266 272
266 271
266 267
226 220
226 182
226 261
270 269
270 261
142 39
142 47
142 225
142 233
142 172
142 144
142 198
142 121
142 261
142 293
142 229
142 216
142 128
142 45
142 166
142 65
142 76
241 261
278 261
279 261
291 261
247 261
304 261
184 166
184 255
184 261
184 293
280 261
153 131
153 147
153 261
153 293
153 67
153 118
153 203
153 248
153 166
257 261
269 270
269 261
168 144
168 146
168 261
168 258
168 118
168 248
168 166
255 123
255 260
255 286
255 133
255 95
255 212
255 131
255 273
255 233
255 310
255 293
255 94
255 162
255 101
255 144
255 237
255 67
255 259
255 307
255 161
255 305
255 218
255 179
255 92
255 300
255 246
255 223
255 249
255 256
255 276
255 311
255 230
255 248
255 272
255 192
255 265
255 299
255 296
255 189
255 91
255 174
255 306
255 321
255 202
255 287
255 322
255 295
255 284
255 297
255 152
255 225
255 313
255 283
255 159
255 289
255 267
255 137
255 288
255 215
255 184
255 132
255 221
255 234
255 129
255 240
255 281
255 118
255 219
255 271
255 119
255 177
255 149
255 176
255 261
255 216
255 201
255 65
255 47
255 109
255 239
255 253
255 182
255 222
255 125
255 166
255 232
255 217
255 301
255 298
255 112
255 172
255 147
255 266
255 258
255 167
255 150
255 263
255 292
255 146
255 127
255 157
166 123
166 242
166 133
166 198
166 75
166 62
166 50
166 274
166 131
166 250
166 233
166 293
166 94
166 128
166 82
166 162
166 144
166 175
166 67
166 140
166 246
166 245
166 276
166 311
166 230
166 248
166 299
166 296
166 90
166 251
166 174
166 106
166 197
166 63
166 168
166 148
166 213
166 120
166 297
166 181
166 255
166 206
166 152
166 225
166 313
166 159
166 53
166 288
166 51
166 184
166 203
166 81
166 118
166 219
166 177
166 41
166 176
166 261
166 216
166 173
166 83
166 130
166 201
166 169
166 65
166 183
166 47
166 109
166 253
166 182
166 232
166 217
166 301
166 142
166 112
166 172
166 147
166 258
166 45
166 167
166 150
166 263
166 292
166 146
166 153
109 177
109 119
109 261
109 176
109 95
109 68
109 212
109 255
109 201
109 311
109 131
109 273
109 152
109 47
109 310
109 293
109 94
109 159
109 162
109 230
109 248
109 182
109 166
109 232
109 217
109 299
109 301
109 144
109 112
109 147
109 258
109 67
109 307
109 203
109 91
109 161
109 221
109 167
109 150
109 174
109 170
109 306
109 321
109 202
109 146
109 179
109 92
109 80
109 118
109 219
230 260
230 286
230 95
230 212
230 131
230 273
230 310
230 293
230 94
230 162
230 101
230 237
230 67
230 259
230 307
230 161
230 243
230 305
230 218
230 179
230 92
230 300
230 227
230 223
230 249
230 256
230 311
230 238
230 248
230 272
230 299
230 189
230 91
230 174
230 306
230 321
230 202
230 287
230 186
230 295
230 284
230 297
230 255
230 139
230 152
230 159
230 204
230 288
230 215
230 132
230 221
230 234
230 240
230 281
230 118
230 219
230 119
230 177
230 149
230 176
230 261
230 201
230 47
230 109
230 239
230 252
230 190
230 182
230 222
230 125
230 166
230 232
230 217
230 301
230 298
230 112
230 143
230 147
230 172
230 258
230 167
230 150
230 263
230 292
230 146
230 235
230 157
179 177
179 119
179 123
179 260
179 261
179 176
179 95
179 255
179 311
179 131
179 152
179 109
179 310
179 293
179 94
179 159
179 162
179 230
179 182
179 232
179 125
179 101
179 217
179 299
179 301
179 172
179 112
179 147
179 67
179 189
179 307
179 91
179 161
179 221
179 167
179 150
179 218
179 306
179 292
179 146
179 92
179 118
174 177
174 119
174 284
174 261
174 176
174 95
174 255
174 212
174 201
174 311
174 131
174 273
174 152
174 113
174 109
174 310
174 293
174 159
174 162
174 230
174 248
174 182
174 204
174 166
174 125
174 101
174 217
174 299
174 301
174 172
174 143
174 147
174 112
174 258
174 67
174 307
174 132
174 91
174 161
174 305
174 221
174 167
174 150
174 218
174 89
174 306
174 292
174 321
174 202
174 146
174 92
174 118
174 219
176 119
176 284
176 126
176 261
176 95
176 256
176 255
176 212
176 201
176 311
176 65
176 131
176 152
176 47
176 233
176 109
176 310
176 239
176 99
176 94
176 159
176 162
176 230
176 248
176 182
176 222
176 166
176 192
176 232
176 101
176 217
176 137
176 299
176 301
176 144
176 296
176 172
176 147
176 112
176 258
176 67
176 189
176 307
176 91
176 305
176 221
176 167
176 150
176 263
176 174
176 218
176 306
176 292
176 202
176 146
176 179
176 92
176 80
176 118
176 219
176 271
131 177
131 119
131 123
131 261
131 176
131 95
131 255
131 212
131 201
131 311
131 152
131 47
131 109
131 310
131 293
131 94
131 162
131 230
131 248
131 182
131 166
131 125
131 217
131 299
131 301
131 172
131 112
131 147
131 258
131 67
131 189
131 307
131 305
131 221
131 167
131 150
131 174
131 170
131 306
131 292
131 146
131 179
131 118
131 219
131 153
217 119
217 284
217 123
217 126
217 286
217 261
217 297
217 176
217 256
217 255
217 212
217 201
217 311
217 131
217 152
217 109
217 310
217 239
217 293
217 283
217 159
217 162
217 94
217 230
217 182
217 222
217 166
217 192
217 232
217 248
217 299
217 301
217 296
217 172
217 147
217 112
217 258
217 67
217 189
217 307
217 221
217 167
217 174
217 263
217 218
217 306
217 292
217 321
217 202
217 146
217 240
217 179
217 281
217 118
217 219
217 271
119 177
119 261
119 176
119 95
119 255
119 311
119 131
119 152
119 109
119 310
119 162
119 230
119 182
119 217
119 299
119 301
119 112
119 147
119 67
119 91
119 221
119 174
119 150
119 306
119 321
119 146
119 179
119 92
119 118
288 232
288 152
288 262
288 296
288 308
288 275
288 261
288 293
288 258
288 297
288 118
288 162
288 230
288 203
288 276
288 254
288 166
288 255
161 191
161 100
161 126
161 261
161 255
161 139
161 158
161 152
161 109
161 99
161 159
161 162
161 230
161 248
161 182
161 137
161 299
161 301
161 112
161 147
161 67
161 93
161 189
161 167
161 174
161 111
161 146
161 179
161 118
159 123
159 261
159 176
159 255
159 152
159 109
159 293
159 94
159 162
159 230
159 248
159 182
159 166
159 217
159 299
159 301
159 112
159 147
159 258
159 67
159 161
159 167
159 150
159 174
159 146
159 179
159 118
159 219
95 177
95 119
95 176
95 255
95 131
95 152
95 109
95 162
95 230
95 101
95 299
95 112
95 147
95 67
95 91
95 221
95 174
95 150
95 146
95 179
95 92
95 118
256 152
256 217
256 299
256 296
256 292
256 261
256 176
256 240
256 118
256 230
256 189
256 255
256 182
256 272
256 232
256 271
256 267
260 177
260 273
260 284
260 221
260 147
260 249
260 146
260 179
260 230
260 255
260 118
157 177
157 152
157 221
157 112
157 149
157 141
157 230
157 255
157 118
237 221
237 146
237 255
237 162
237 230
322 221
322 273
322 150
322 299
322 147
322 325
322 321
322 255
322 311
249 221
249 218
249 260
249 147
249 259
249 162
249 230
249 255
249 118
298 221
298 284
298 299
298 147
298 300
298 230
298 255
287 299
287 301
287 255
287 230
287 311
283 217
283 261
283 293
283 255
283 281
283 272
283 232
283 271
283 267
192 152
192 217
192 182
192 176
192 189
192 255
192 204
192 222
192 118
192 186
300 221
300 284
300 301
300 298
300 147
300 230
300 307
300 255
137 152
137 100
137 112
137 126
137 176
137 255
137 139
137 127
137 118
137 161
234 255
234 230
223 255
223 230
132 152
132 255
132 174
132 230
295 255
295 230
215 152
215 255
215 230
272 266
272 256
272 283
272 255
272 230
265 255
289 255
316 314
316 47
316 315
316 313
316 319
316 318
316 312
316 248
316 201
316 317
245 183
245 263
245 242
245 47
245 144
245 213
245 248
245 253
245 261
245 258
245 201
245 197
245 203
245 246
245 166
245 219
245 65
214 201
214 248
331 313
331 248
244 248
178 201
185 201
236 201
236 228
324 150
324 147
324 321
324 320
324 311
45 61
45 50
45 142
45 47
45 40
45 46
45 144
45 55
45 54
45 63
45 118
45 67
45 166
45 62
45 59
45 83
45 201
45 58
45 65
90 152
90 71
90 112
90 118
90 73
90 67
90 94
90 182
90 166
130 145
130 148
130 120
130 118
130 258
130 82
130 182
130 160
130 166
75 108
75 116
75 87
75 47
75 151
75 201
75 74
75 166
75 65
140 106
140 133
140 118
140 82
140 182
140 166
82 144
82 182
82 106
82 51
82 118
82 67
82 140
82 130
82 166
82 53
82 76
51 166
51 118
51 82
51 67
175 166
50 61
50 144
50 46
50 40
50 55
50 63
50 67
50 62
50 45
50 166
106 120
106 118
106 140
106 82
106 182
106 166
41 166
41 53
41 67
99 167
99 152
99 112
99 147
99 176
99 67
99 94
99 118
99 161
143 221
143 174
143 152
143 299
143 170
143 306
143 147
143 310
143 162
143 230
143 92
143 118
143 311
96 177
96 72
96 152
96 147
96 162
96 68
96 118
264 258
136 152
136 112
136 134
136 67
136 118
71 111
71 112
71 90
71 57
71 69
71 73
71 67
71 118
71 77
100 152
100 137
100 111
100 112
100 93
100 118
100 161
84 118
84 112
312 318
312 316
312 313
329 327
329 330
329 328
329 313
318 313
318 319
318 316
318 312
318 248
318 201
319 318
319 316
319 313
314 317
314 316
314 313
317 314
317 316
317 315
317 313
326 313
315 317
315 316
315 313
160 130
160 182
196 182
43 67
156 152
56 47
56 49
56 60
56 59
56 58
56 65
74 116
74 47
74 75
74 201
74 65
86 47
86 144
86 83
252 221
252 152
252 162
252 230
235 218
235 230
243 221
243 162
243 230
238 230
227 230
104 97
104 144
104 83
89 174
141 177
141 157
302 310
302 167
302 123
285 232
325 221
325 273
325 150
325 299
325 147
325 321
325 311
325 322
59 83
59 47
59 144
59 54
59 60
59 56
59 64
59 45
59 58
59 65
54 47
54 60
54 45
54 59
54 83
54 58
54 65
66 151
66 116
66 87
66 65
262 288
262 225
262 296
262 292
262 233
262 239
262 275
262 229
262 293
262 297
262 216
262 254
262 276
233 261
233 176
233 229
233 255
233 276
233 201
233 274
233 152
233 262
233 293
233 248
233 182
233 166
233 142
233 144
233 296
233 258
233 67
233 254
233 263
233 275
233 118
233 219
229 142
229 262
229 233
229 261
229 254
229 118
229 274
191 167
191 152
191 182
191 118
191 161
93 152
93 100
93 161
93 118
8 36
8 7
8 201
8 65
8 16
8 47
8 313
8 248
8 6
8 3
8 2
8 144
8 24
8 27
8 112
8 13
8 5
8 23
8 118
8 67
8 4
8 37
8 1
8 38
8 30
8 35
8 26
8 34
8 28
26 25
26 47
26 29
26 8
26 31
26 4
26 22
26 33
4 47
4 2
4 1
4 8
4 26
13 18
13 12
13 14
13 15
13 10
13 17
13 11
13 20
13 7
13 21
13 8
13 9
13 19
13 6
23 8
23 24
3 8
3 5
2 4
2 8
2 1
5 8
5 3
36 35
36 8
36 38
16 22
16 8
6 7
6 13
6 8
35 36
35 8
35 28
28 35
28 8
30 8
30 34
101 221
101 174
101 152
101 112
101 129
101 146
101 176
101 95
101 179
101 162
101 230
101 80
101 255
101 118
327 332
327 330
327 328
327 329
330 329
330 327
328 329
328 327
46 50
46 144
46 55
46 63
46 67
46 62
46 45
46 40
55 61
55 50
55 144
55 46
55 63
55 62
55 45
55 40
58 47
58 54
58 60
58 56
58 45
58 59
58 83
58 65
83 47
83 144
83 54
83 85
83 97
83 118
83 201
83 59
83 45
83 104
83 248
83 166
83 58
83 65
83 86
85 144
85 97
85 261
85 83
85 81
97 104
97 85
97 83
181 144
181 261
181 258
181 118
181 188
181 182
181 166
181 219
188 181
170 131
170 152
170 112
170 143
170 109
170 125
73 71
73 90
73 69
73 94
73 118
73 77
332 327
303 261
303 296
303 293
199 201
199 213
205 201
205 213
200 213
149 221
149 152
149 112
149 230
149 255
149 118
149 157
72 177
72 152
72 147
72 146
72 96
72 162
72 118
120 182
120 106
120 118
120 67
120 258
120 130
120 166
120 102
105 182
105 167
105 123
134 118
134 136
139 177
139 167
139 137
139 135
139 162
139 230
139 118
139 161
135 139
224 183
224 201
224 242
224 261
33 26
33 32
33 47
33 29
29 26
29 31
29 47
29 33
31 26
31 32
31 29
22 16
22 26
1 4
1 8
1 2
108 116
108 75
108 201
108 65
151 116
151 66
151 75
151 201
151 65
116 108
116 151
116 66
116 75
116 74
116 65
87 75
87 66
87 65
57 118
57 70
57 69
57 71
62 61
62 50
62 144
62 46
62 40
62 55
62 63
62 67
62 45
62 166
63 61
63 50
63 144
63 46
63 55
63 67
63 62
63 45
63 166
40 61
40 144
40 46
40 55
40 62
40 45
40 50
61 50
61 55
61 63
61 62
61 45
61 40
111 152
111 100
111 71
111 112
111 67
111 118
111 161
259 273
259 255
259 249
259 230
173 166
173 118
173 261
173 248
158 152
158 148
158 171
158 182
158 118
158 161
171 158
171 155
171 154
113 152
113 174
69 118
69 57
69 71
69 73
117 152
79 118
79 78
79 67
110 152
110 162
210 152
190 177
190 202
190 230
53 144
53 41
53 67
53 82
53 166
32 31
32 33
52 67
294 261
115 152
115 103
103 152
103 115
39 142
39 65
39 47
7 6
7 13
7 8
21 13
18 13
17 19
17 13
17 20
12 13
12 10
12 9
20 19
20 13
20 17
19 20
19 13
19 17
10 12
10 13
10 11
10 9
9 12
9 13
9 11
9 10
14 13
15 13
208 258
187 152
44 67
228 201
228 236
282 261
121 142
323 321
98 144
98 76
27 8
42 47
138 183
138 201
138 124
124 201
124 138
268 261
154 164
154 118
154 171
154 182
164 182
164 118
164 154
193 201
102 107
102 118
102 182
102 120
107 118
107 102
88 118
231 258
24 8
24 23
277 261
180 182
48 49
48 65
48 47
49 48
49 60
49 56
49 47
211 182
209 182
209 206
155 171
155 118
122 163
145 130
145 118
145 148
145 182
60 47
60 54
60 49
60 56
60 64
60 59
60 58
60 65
64 60
64 65
64 59
194 221
165 201
195 182
195 207
38 36
38 8
38 37
37 8
37 38
25 26
320 147
320 324
320 311
320 150
207 182
207 195
34 8
34 30
11 13
11 10
11 9
