8 20
8 28
8 3
8 31
8 10
8 37
8 57
8 25
8 59
8 60
8 48
8 56
8 5
8 32
8 45
8 22
8 13
8 6
8 17
8 9
8 54
8 41
8 2
3 57
3 14
3 32
3 59
3 56
3 25
3 60
3 31
3 6
3 17
3 9
3 54
3 48
3 41
3 13
3 22
3 8
3 5
3 2
3 10
9 20
9 28
9 21
9 3
9 40
9 55
9 10
9 37
9 57
9 14
9 59
9 42
9 52
9 33
9 43
9 15
9 61
9 5
9 44
9 24
9 32
9 12
9 51
9 45
9 13
9 16
9 47
9 50
9 35
9 58
9 11
9 53
9 38
9 46
9 49
9 4
9 6
9 17
9 29
9 41
9 8
9 18
9 2
9 0
9 34
5 20
5 28
5 21
5 3
5 55
5 10
5 37
5 57
5 14
5 59
5 42
5 52
5 33
5 43
5 15
5 61
5 56
5 44
5 24
5 2
5 12
5 51
5 45
5 13
5 16
5 47
5 50
5 35
5 58
5 11
5 53
5 38
5 46
5 49
5 4
5 9
5 29
5 8
5 18
5 40
5 0
5 34
6 20
6 28
6 21
6 3
6 55
6 10
6 37
6 57
6 14
6 59
6 42
6 52
6 33
6 43
6 15
6 61
6 56
6 44
6 24
6 2
6 12
6 51
6 45
6 13
6 16
6 47
6 50
6 35
6 58
6 11
6 53
6 38
6 46
6 49
6 4
6 54
6 17
6 9
6 29
6 8
6 18
6 40
6 0
6 34
10 37
10 32
10 42
10 6
10 29
10 9
10 3
10 47
10 8
10 5
10 2
10 0
0 14
0 32
0 42
0 6
0 9
0 15
0 47
0 5
0 40
0 10
2 32
2 42
2 6
2 61
2 9
2 3
2 8
2 5
2 44
2 10
13 37
13 20
13 57
13 32
13 59
13 6
13 17
13 9
13 54
13 3
13 41
13 45
13 8
13 5
14 37
14 52
14 24
14 32
14 56
14 60
14 33
14 6
14 9
14 43
14 16
14 50
14 3
14 40
14 5
14 38
14 0
14 34
15 59
15 24
15 32
15 18
15 6
15 45
15 9
15 5
15 55
15 40
15 0
16 37
16 20
16 14
16 32
16 33
16 6
16 9
16 50
16 5
16 38
17 37
17 20
17 57
17 25
17 59
17 6
17 9
17 1
17 3
17 22
17 13
17 45
17 8
17 27
17 31
1 26
1 19
1 54
1 17
1 28
1 41
1 36
1 27
18 20
18 32
18 51
18 6
18 45
18 29
18 9
18 21
18 15
18 5
18 24
19 7
19 30
19 54
19 1
7 19
7 54
7 30
7 27
7 40
20 28
20 36
20 31
20 57
20 25
20 60
20 48
20 56
20 5
20 44
20 32
20 22
20 13
20 16
20 47
20 50
20 38
20 6
20 17
20 9
20 54
20 41
20 8
20 18
21 37
21 32
21 51
21 33
21 6
21 45
21 29
21 9
21 5
21 18
22 37
22 20
22 59
22 17
22 45
22 3
22 8
24 14
24 32
24 51
24 6
24 45
24 29
24 9
24 15
24 5
24 18
25 37
25 20
25 26
25 59
25 17
25 45
25 3
25 27
25 8
26 27
26 25
26 1
27 25
27 26
27 17
27 1
27 7
28 20
28 32
28 56
28 60
28 6
28 1
28 9
28 47
28 8
28 5
28 30
29 52
29 32
29 51
29 6
29 45
29 9
29 21
29 35
29 43
29 5
29 18
29 24
29 10
30 19
30 42
30 28
30 47
30 7
31 37
31 20
31 59
31 17
31 45
31 3
31 8
32 20
32 28
32 21
32 3
32 55
32 10
32 37
32 14
32 60
32 59
32 42
32 52
32 33
32 43
32 15
32 61
32 44
32 24
32 2
32 12
32 51
32 45
32 13
32 16
32 47
32 50
32 35
32 58
32 11
32 53
32 38
32 46
32 49
32 4
32 9
32 29
32 8
32 18
32 40
32 0
32 34
33 37
33 14
33 32
33 12
33 38
33 6
33 9
33 21
33 43
33 16
33 50
33 5
33 40
33 34
12 32
12 6
12 33
12 9
12 5
34 37
34 14
34 32
34 49
34 33
34 6
34 9
34 5
34 44
35 32
35 6
35 9
35 29
35 5
36 37
36 20
36 59
36 1
36 23
36 40
36 39
23 51
23 36
23 45
37 21
37 36
37 10
37 31
37 57
37 14
37 25
37 60
37 33
37 48
37 43
37 61
37 56
37 5
37 32
37 45
37 22
37 13
37 16
37 6
37 17
37 9
37 54
37 41
37 8
37 40
37 34
38 20
38 14
38 52
38 32
38 33
38 6
38 9
38 43
38 16
38 58
38 5
38 44
39 36
39 57
40 37
40 14
40 52
40 32
40 33
40 6
40 9
40 15
40 7
40 5
40 36
40 0
41 37
41 20
41 57
41 59
41 54
41 9
41 1
41 3
41 45
41 13
41 8
42 32
42 10
42 6
42 9
42 47
42 50
42 5
42 30
42 2
42 0
43 37
43 14
43 32
43 46
43 33
43 6
43 29
43 9
43 5
43 53
43 38
44 20
44 2
44 32
44 6
44 9
44 5
44 38
44 34
45 21
45 23
45 31
45 37
45 57
45 25
45 59
45 60
45 48
45 15
45 56
45 5
45 24
45 32
45 51
45 22
45 13
45 50
45 6
45 17
45 29
45 9
45 54
45 41
45 8
45 18
46 32
46 49
46 6
46 9
46 43
46 5
47 20
47 32
47 42
47 10
47 6
47 28
47 9
47 5
47 30
47 0
49 32
49 46
49 6
49 9
49 5
49 34
50 20
50 14
50 32
50 42
50 51
50 33
50 6
50 45
50 9
50 16
50 5
51 32
51 24
51 4
51 6
51 45
51 29
51 9
51 21
51 11
51 50
51 55
51 5
51 18
51 23
4 32
4 51
4 6
4 9
4 5
11 32
11 51
11 6
11 9
11 5
52 14
52 32
52 38
52 6
52 9
52 29
52 5
52 40
53 32
53 6
53 9
53 43
53 61
53 5
54 37
54 20
54 57
54 19
54 59
54 6
54 1
54 45
54 3
54 41
54 13
54 7
54 8
55 32
55 51
55 6
55 9
55 15
55 5
56 37
56 20
56 14
56 59
56 6
56 45
56 28
56 3
56 5
56 8
57 37
57 20
57 59
57 6
57 17
57 9
57 54
57 48
57 41
57 13
57 3
57 45
57 8
57 5
57 39
48 37
48 20
48 57
48 59
48 45
48 3
48 8
58 32
58 6
58 9
58 5
58 38
59 57
59 25
59 32
59 56
59 60
59 6
59 17
59 45
59 9
59 3
59 41
59 13
59 15
59 54
59 22
59 48
59 8
59 5
59 36
59 31
60 37
60 20
60 14
60 32
60 59
60 45
60 28
60 3
60 8
61 37
61 32
61 6
61 9
61 5
61 53
61 2
