2 20
2 8
2 4
2 22
2 3
2 1
2 31
2 18
2 14
1 5
1 20
1 7
1 9
1 8
1 18
1 11
1 6
1 4
1 22
1 3
1 13
1 12
1 2
1 32
1 14
3 33
3 9
3 8
3 4
3 14
3 1
3 2
3 29
3 10
3 28
4 8
4 13
4 3
4 1
4 2
4 14
5 11
5 1
5 7
6 11
6 1
6 17
6 7
7 5
7 1
7 17
7 6
8 2
8 1
8 4
8 3
9 33
9 3
9 34
9 1
9 31
10 34
10 3
11 5
11 1
11 6
12 1
13 1
13 4
14 4
14 3
14 34
14 1
14 2
17 6
17 7
18 2
18 1
20 2
20 34
20 1
22 2
22 1
26 24
26 32
26 25
24 33
24 26
24 34
24 30
24 28
25 26
25 32
25 28
28 34
28 24
28 3
28 25
29 34
29 32
29 3
30 33
30 34
30 24
30 27
27 30
27 34
31 2
31 34
31 9
31 33
32 33
32 26
32 34
32 1
32 29
32 25
33 23
33 9
33 15
33 16
33 21
33 3
33 34
33 24
33 30
33 31
33 19
33 32
15 33
15 34
16 33
16 34
19 33
19 34
21 33
21 34
23 33
23 34
34 33
34 20
34 23
34 9
34 15
34 16
34 21
34 30
34 24
34 31
34 27
34 19
34 29
34 10
34 32
34 14
34 28
