1 0
0 3
0 8
0 4
0 9
0 11
0 6
0 5
0 7
0 2
0 1
2 3
2 11
2 0
3 11
3 0
3 2
4 0
5 0
6 0
7 0
8 0
9 0
11 49
11 36
11 25
11 13
11 24
11 10
11 34
11 70
11 68
11 64
11 58
11 3
11 44
11 43
11 26
11 51
11 27
11 72
11 15
11 71
11 69
11 48
11 12
11 37
11 35
11 2
11 23
11 55
11 14
11 28
11 32
11 31
11 0
11 29
11 33
11 38
10 11
12 23
12 11
13 11
14 11
15 11
17 20
17 18
17 23
17 21
17 19
17 22
17 16
16 55
16 26
16 20
16 17
16 18
16 23
16 21
16 19
16 22
18 20
18 17
18 23
18 21
18 19
18 22
18 16
19 20
19 17
19 18
19 23
19 21
19 22
19 16
20 17
20 18
20 23
20 21
20 19
20 22
20 16
21 20
21 17
21 18
21 23
21 19
21 22
21 16
22 20
22 17
22 18
22 23
22 21
22 19
22 16
23 31
23 30
23 12
23 11
23 25
23 20
23 24
23 27
23 17
23 29
23 18
23 21
23 19
23 22
23 16
24 50
24 11
24 25
24 26
24 27
24 70
24 42
24 68
24 23
24 69
24 41
25 55
25 48
25 40
25 11
25 26
25 24
25 27
25 39
25 70
25 68
25 42
25 23
25 75
25 71
25 69
25 41
26 49
26 54
26 43
26 11
26 51
26 25
26 24
26 27
26 72
26 55
26 16
27 48
27 31
27 43
27 11
27 28
27 25
27 26
27 24
27 70
27 72
27 68
27 33
27 29
27 23
27 71
27 69
27 58
28 11
28 44
28 45
28 27
29 36
29 11
29 34
29 27
29 37
29 35
29 38
29 23
30 23
30 31
31 23
31 11
31 30
31 27
32 11
33 11
33 27
34 36
34 11
34 37
34 35
34 29
34 38
35 36
35 11
35 34
35 37
35 29
35 38
36 11
36 34
36 37
36 35
36 29
36 38
37 36
37 11
37 34
37 35
37 29
37 38
38 36
38 11
38 34
38 37
38 35
38 29
39 52
39 55
39 25
40 25
41 55
41 57
41 62
41 25
41 24
41 70
41 42
41 68
41 75
41 71
41 69
42 25
42 41
42 24
43 11
43 26
43 27
44 11
44 28
45 28
47 46
47 48
46 47
48 63
48 11
48 25
48 68
48 47
48 75
48 64
48 58
48 57
48 62
48 74
48 27
48 66
48 71
48 61
48 69
48 73
48 65
48 55
48 59
48 60
48 76
49 50
49 54
49 11
49 51
49 26
49 56
49 55
50 49
50 24
51 49
51 54
51 11
51 26
51 53
51 52
51 55
52 39
52 51
53 51
54 49
54 51
54 26
54 55
55 49
55 63
55 57
55 48
55 62
55 54
55 11
55 51
55 25
55 26
55 56
55 39
55 65
55 16
55 59
55 61
55 41
55 64
55 58
56 49
56 55
57 63
57 48
57 62
57 61
57 65
57 55
57 59
57 64
57 41
57 67
57 58
58 60
58 57
58 63
58 48
58 62
58 11
58 76
58 27
58 70
58 65
58 66
58 55
58 59
58 61
58 64
59 60
59 57
59 63
59 48
59 62
59 65
59 66
59 55
59 61
59 64
59 58
60 63
60 48
60 62
60 65
60 66
60 59
60 61
60 64
60 58
61 60
61 57
61 63
61 48
61 62
61 65
61 66
61 55
61 59
61 64
61 58
62 60
62 57
62 63
62 48
62 76
62 65
62 66
62 55
62 59
62 61
62 41
62 64
62 58
63 60
63 57
63 48
63 62
63 76
63 65
63 66
63 55
63 59
63 61
63 64
63 58
64 60
64 57
64 63
64 48
64 62
64 11
64 76
64 65
64 66
64 55
64 59
64 61
64 58
65 60
65 57
65 63
65 48
65 62
65 76
65 66
65 55
65 59
65 61
65 64
65 58
66 60
66 63
66 48
66 62
66 76
66 65
66 59
66 61
66 64
66 58
67 57
68 48
68 11
68 25
68 24
68 27
68 70
68 75
68 71
68 69
68 41
69 48
69 11
69 25
69 24
69 27
69 70
69 68
69 75
69 71
69 41
70 11
70 25
70 24
70 27
70 68
70 75
70 71
70 69
70 41
70 58
71 48
71 11
71 25
71 27
71 70
71 68
71 75
71 69
71 41
72 11
72 26
72 27
73 48
73 74
74 48
74 73
75 48
75 25
75 70
75 68
75 71
75 69
75 41
76 63
76 48
76 62
76 65
76 66
76 64
76 58
